# k/h (Mpc^-1) | P(k) (Mpc/h)^3
1.000000000000000048e-04 5.769120826781171107e-02
1.013925407558815140e-04 5.846619835697338535e-02
1.028044732093309326e-04 5.925159690424921383e-02
1.042360673976401586e-04 6.004754357448350427e-02
1.056875971184804134e-04 6.085417991940306887e-02
1.071593399822671198e-04 6.167164939069479795e-02
1.086515774652538243e-04 6.250009736256249837e-02
1.101645949633656677e-04 6.333967115744239262e-02
1.116986818467823099e-04 6.419052007206517418e-02
1.132541315152811926e-04 6.505279540386146864e-02
1.148312414543511137e-04 6.592665048484498691e-02
1.164303132920876613e-04 6.681224073763336602e-02
1.180516528568805070e-04 6.770972368034530731e-02
1.196955702359043383e-04 6.861925894399002746e-02
1.213623798344240940e-04 6.954100830078496775e-02
1.230524004359261579e-04 7.047513569284657997e-02
1.247659552630869643e-04 7.142180726127393686e-02
1.265033720395903564e-04 7.238119136904666573e-02
1.282649830528060459e-04 7.335345858148864528e-02
1.300511252173408962e-04 7.433878172109641136e-02
1.318621401394748729e-04 7.533733592443146720e-02
1.336983741824946607e-04 7.634929867323213271e-02
1.355601785329368437e-04 7.737484982573435144e-02
1.374479092677537422e-04 7.841417164841477105e-02
1.393619274224142384e-04 7.946744883962901518e-02
1.413025990599533870e-04 8.053486843829388286e-02
1.432702953409830901e-04 8.161661987740799484e-02
1.452653925946780931e-04 8.271289511322417465e-02
1.472882723907502584e-04 8.382388866136768202e-02
1.493393216124252641e-04 8.494979763073207124e-02
1.514189325304352289e-04 8.609082175781980484e-02
1.535275028780422768e-04 8.724716344866856321e-02
1.556654359271061612e-04 8.841902804800794158e-02
1.578331405652117511e-04 8.960662394219962024e-02
1.600310313738700680e-04 9.081016233465526166e-02
1.622595287078087273e-04 9.202985726654933085e-02
1.645190587753662622e-04 9.326592565500144150e-02
1.668100537200058848e-04 9.451858733177598282e-02
1.691329517029648141e-04 9.578806508033013700e-02
1.714881969870539968e-04 9.707458443506090939e-02
1.738762400216250798e-04 9.837837348623397482e-02
1.762975375287205730e-04 9.969966330787764786e-02
1.787525525904235457e-04 1.010386880474542365e-01
1.812417547374237168e-04 1.023956849663723023e-01
1.837656200388171508e-04 1.037708944810389472e-01
1.863246311931560377e-04 1.051645602044761207e-01
1.889192776207666380e-04 1.065769290642171324e-01
1.915500555573527660e-04 1.080082515068407634e-01
1.942174681489025926e-04 1.094587813651052982e-01
1.969220255479172256e-04 1.109287758598705431e-01
1.996642450109793916e-04 1.124184956451144551e-01
2.024446509976804062e-04 1.139282048535360664e-01
2.052637752709252192e-04 1.154581711427692392e-01
2.081221569986338308e-04 1.170086657146988951e-01
2.110203428568595708e-04 1.185799632490443928e-01
2.139588871343422105e-04 1.201723420393602110e-01
2.169383518385184593e-04 1.217860840834101982e-01
2.199593068030074642e-04 1.234214751321324327e-01
2.230223297965937821e-04 1.250788047392311364e-01
2.261280066337278288e-04 1.267583663114140446e-01
2.292769312865649460e-04 1.284604571616989321e-01
2.324697059985648257e-04 1.301853785794518104e-01
2.357069413996727843e-04 1.319334358736082013e-01
2.389892566231049530e-04 1.337049384156707710e-01
2.423172794237599592e-04 1.355001996933013764e-01
2.456916462982790847e-04 1.373195373647030371e-01
2.491130026067789132e-04 1.391632733137025124e-01
2.525820026962784779e-04 1.410317336803383337e-01
2.560993100258458994e-04 1.429252485423412600e-01
2.596655972934871462e-04 1.448441520299423857e-01
2.632815465648021274e-04 1.467887826770188364e-01
2.669478494034321567e-04 1.487594834869132576e-01
2.706652070033241614e-04 1.507566019905738353e-01
2.744343303228364618e-04 1.527804903054415520e-01
2.782559402207124689e-04 1.548315052027419425e-01
2.821307675939471824e-04 1.569100084266712436e-01
2.860595535175742979e-04 1.590163668344341252e-01
2.900430493863991868e-04 1.611509521663122002e-01
2.940820170587062619e-04 1.633141410900937895e-01
2.981772290019672387e-04 1.655063152657725301e-01
3.023294684405777757e-04 1.677278614110764010e-01
3.065395295056527443e-04 1.699791713651398473e-01
3.108082173869064187e-04 1.722606418400053907e-01
3.151363484866478906e-04 1.745726741709648366e-01
3.195247505759213065e-04 1.769156748997102735e-01
3.239742629528197140e-04 1.792900559097275193e-01
3.284857366030044458e-04 1.816962344952115505e-01
3.330600343624588820e-04 1.841346334308475996e-01
3.376980310825091164e-04 1.866056810424514822e-01
3.424006137971424813e-04 1.891098112356313365e-01
3.471686818926561307e-04 1.916474634745591876e-01
3.520031472796679916e-04 1.942190829561335763e-01
3.569049345675229896e-04 1.968251207087133026e-01
3.618749812411279948e-04 1.994660336669485390e-01
3.669142378402493170e-04 2.021422847475509987e-01
3.720236681413067927e-04 2.048543429259981341e-01
3.772042493416998639e-04 2.076026832618817486e-01
3.824569722467000173e-04 2.103877867566306126e-01
3.877828414589456888e-04 2.132101406017850587e-01
3.931828755705769288e-04 2.160702383414520034e-01
3.986581073580440894e-04 2.189685799531881916e-01
4.042095839796307037e-04 2.219056719298383717e-01
4.098383671757262810e-04 2.248820273623879096e-01
4.155455334718875077e-04 2.278981659338184251e-01
4.213321743847288359e-04 2.309546132998550605e-01
4.271993966306779139e-04 2.340519015118217028e-01
4.331483223376399855e-04 2.371905694865966419e-01
4.391800892596087170e-04 2.403711630954981915e-01
4.452958509942655184e-04 2.435942352510003794e-01
4.514967772036101328e-04 2.468603459944624379e-01
4.577840538376619015e-04 2.501700625868120142e-01
4.641588833612779485e-04 2.535239596272936269e-01
4.706224849841281828e-04 2.569226191402650961e-01
4.771760948938746048e-04 2.603666306442802281e-01
4.838209664925956308e-04 2.638565912445607342e-01
4.905583706365048736e-04 2.673931057272476153e-01
4.973895958790065016e-04 2.709767866547515003e-01
5.043159487171360728e-04 2.746082544216927879e-01
5.113387538414325981e-04 2.782881359398436394e-01
5.184593543892912189e-04 2.820170642816297590e-01
5.256791122018422517e-04 2.857956803920140842e-01
5.329994080844089677e-04 2.896246332932256307e-01
5.404216420705917033e-04 2.935045801806905885e-01
5.479472336900288254e-04 2.974361865199724453e-01
5.555776222398876776e-04 3.014201261480720095e-01
5.633142670601355966e-04 3.054570817780267178e-01
5.711586478126431509e-04 3.095477455185909887e-01
5.791122647641759776e-04 3.136928183071469589e-01
5.871766390733256348e-04 3.178930099250164565e-01
5.953533130814369322e-04 3.221490391032125200e-01
6.036438506075869235e-04 3.264616336293583720e-01
6.120498372476699915e-04 3.308315304552211233e-01
6.205728806776501707e-04 3.352594745146258992e-01
6.292146109610343785e-04 3.397462159498574885e-01
6.379766808606281365e-04 3.442925132940873323e-01
6.468607661546326533e-04 3.488991343449530103e-01
6.558685659571432272e-04 3.535668562673214832e-01
6.650018030431121760e-04 3.582964656970010764e-01
6.742622241778342988e-04 3.630887588454130288e-01
6.836516004510237183e-04 3.679445416140436076e-01
6.931717276155405401e-04 3.728646297391027820e-01
7.028244264308349844e-04 3.778498488703315727e-01
7.126115430111748007e-04 3.829010346652515495e-01
7.225349491787215602e-04 3.880190328987752624e-01
7.325965428215230456e-04 3.932046995738176509e-01
7.427982482564915619e-04 3.984589010329054881e-01
7.531420165974372308e-04 4.037825136001073068e-01
7.636298261282244669e-04 4.091764199392755041e-01
7.742636826811270931e-04 4.146415109308044245e-01
7.850456200204509452e-04 4.201786878549875204e-01
7.959777002314984487e-04 4.257888625144548578e-01
8.070620141149505199e-04 4.314729573390997941e-01
8.183006815867394090e-04 4.372319054917153669e-01
8.296958520834909817e-04 4.430666508365688205e-01
8.412497049736120070e-04 4.489781459030269817e-01
8.529644499741021423e-04 4.549673522706308426e-01
8.648423275731721444e-04 4.610352423929712784e-01
8.768856094587429038e-04 4.671827997513957054e-01
8.890965989529159372e-04 4.734110189569114557e-01
9.014776314524917782e-04 4.797209058525429004e-01
9.140310748756229993e-04 4.861134775253989071e-01
9.267593301146879537e-04 4.925897591483702764e-01
9.396648314954694770e-04 4.991507829757881876e-01
9.527500472427294061e-04 5.057975922141855207e-01
9.660174799522646761e-04 5.125312413754853358e-01
9.794696670695395360e-04 5.193527963677291304e-01
9.931091813749799713e-04 5.262633345858602762e-01
1.006938631476027909e-03 5.332639449755341987e-01
1.020960662306047038e-03 5.403557246183386953e-01
1.035177955630176092e-03 5.475397750969430710e-01
1.049593230558227381e-03 5.548172084330659226e-01
1.064209244064724148e-03 5.621891479554557147e-01
1.079028791516184081e-03 5.696567283703727336e-01
1.094054707205742872e-03 5.772210958315677765e-01
1.109289864895222997e-03 5.848834080088000098e-01
1.124737178364751790e-03 5.926448316567469732e-01
1.140399601970032905e-03 6.005065369771760420e-01
1.156280131207376109e-03 6.084697037020753152e-01
1.172381803286599031e-03 6.165355226820349310e-01
1.188707697711903662e-03 6.247051959310085945e-01
1.205260936870842722e-03 6.329799366698454222e-01
1.222044686631488684e-03 6.413609693685319302e-01
1.239062156947916011e-03 6.498495275689886164e-01
1.256316602474120449e-03 6.584468441867322719e-01
1.273811323186478574e-03 6.671541588222376085e-01
1.291549665014883781e-03 6.759727214988522359e-01
1.309535020482667338e-03 6.849037926692477241e-01
1.327770829355429854e-03 6.939486432173593844e-01
1.346260579298910222e-03 7.031085544580718549e-01
1.365007806546014116e-03 7.123848164768844526e-01
1.384016096573131719e-03 7.217787146362202311e-01
1.403289084785873039e-03 7.312915357809385286e-01
1.422830457214352895e-03 7.409245757519722364e-01
1.442643951218158241e-03 7.506791394014159513e-01
1.462733356201130572e-03 7.605565405343602814e-01
1.483102514336104771e-03 7.705581018471177046e-01
1.503755321299737966e-03 7.806851539708278276e-01
1.524695727017573920e-03 7.909390212196046877e-01
1.545927736419477373e-03 8.013210231924804416e-01
1.567455410205595336e-03 8.118324861919171687e-01
1.589282865622978049e-03 8.224747434564240178e-01
1.611414277253019403e-03 8.332491350268694807e-01
1.633853877809861473e-03 8.441570076076656548e-01
1.656605958949914498e-03 8.551997139542182325e-01
1.679674872092653875e-03 8.663785953567608722e-01
1.703065029252844639e-03 8.776949752950755634e-01
1.726780903884356060e-03 8.891501795899914296e-01
1.750827031735724881e-03 9.007455376163427951e-01
1.775208011717635667e-03 9.124823820612828484e-01
1.799928506782476562e-03 9.243620486755341759e-01
1.824993244816151957e-03 9.363858759120800013e-01
1.850407019542301681e-03 9.485551902255840995e-01
1.876174691439120787e-03 9.608712900624641895e-01
1.902301188668944739e-03 9.733354699804435128e-01
1.928791508020778235e-03 9.859490236788933659e-01
1.955650715865949168e-03 9.987132436300844018e-01
1.982883949127071596e-03 1.011629420701504634e+00
2.010496416260498798e-03 1.024698843765235567e+00
2.038493398252463288e-03 1.037922785777459334e+00
2.066880249629083136e-03 1.051302471852273213e+00
2.095662399480433848e-03 1.064839111822052375e+00
2.124845352498883153e-03 1.078533908331969604e+00
2.154434690031884272e-03 1.092388056304452570e+00
2.184436071149427165e-03 1.106402742392607053e+00
2.214855233726359830e-03 1.120579144422605200e+00
2.245697995539774373e-03 1.134918420598101108e+00
2.276970255381679468e-03 1.149421663177530695e+00
2.308677994187169086e-03 1.164089931772403608e+00
2.340827276178293528e-03 1.178924270395351304e+00
2.373424250023867341e-03 1.193925706735620151e+00
2.406475150015424929e-03 1.209095251409547878e+00
2.439986297259550633e-03 1.224433897198226928e+00
2.473964100886814031e-03 1.239942611777404169e+00
2.508415059277540726e-03 1.255622283060559008e+00
2.543345761304649771e-03 1.271473742852608391e+00
2.578762887593801911e-03 1.287497796534416761e+00
2.614673211801091940e-03 1.303695222397158959e+00
2.651083601908538461e-03 1.320066770666324940e+00
2.688001021537606092e-03 1.336613162512390263e+00
2.725432531281029008e-03 1.353335085363280399e+00
2.763385290053170431e-03 1.370233131897332646e+00
2.801866556459195207e-03 1.387307805555855866e+00
2.840883690183303948e-03 1.404559568845598516e+00
2.880444153396297200e-03 1.421988843723071883e+00
2.920555512182746762e-03 1.439596010370504997e+00
2.961225437988035652e-03 1.457381405959468745e+00
3.002461709085549931e-03 1.475345321797705722e+00
3.044272212064302961e-03 1.493487940705101602e+00
3.086664943337273995e-03 1.511809313005200162e+00
3.129648010670752975e-03 1.530309428099763558e+00
3.173229634734976885e-03 1.548988218299109487e+00
3.217418150676371220e-03 1.567845557340961760e+00
3.262222009711668921e-03 1.586881258900906033e+00
3.307649780744241139e-03 1.606095074760899966e+00
3.353710152002930406e-03 1.625486644881376064e+00
3.400411932703706688e-03 1.645055441935720619e+00
3.447764054734464220e-03 1.664800852939316345e+00
3.495775574363275268e-03 1.684722189317642504e+00
3.544455673970434758e-03 1.704818685213453922e+00
3.593813663804628408e-03 1.725089495793882710e+00
3.643858983763546139e-03 1.745533695550225417e+00
3.694601205199303778e-03 1.766150239754471274e+00
3.746050032748993522e-03 1.786937875271396914e+00
3.798215306190734844e-03 1.807895230259236596e+00
3.851107002325570607e-03 1.829020836618328261e+00
3.904735236885560970e-03 1.850313128156101827e+00
3.959110266468459337e-03 1.871770438765785194e+00
4.014242490499321178e-03 1.893391000620884057e+00
4.070142453219438225e-03 1.915172920317110172e+00
4.126820845702954509e-03 1.937114076710331645e+00
4.184288507901582320e-03 1.959212193489338727e+00
4.242556430717778042e-03 1.981464876992264923e+00
4.301635758106795056e-03 2.003869614400477506e+00
4.361537789208005771e-03 2.026423771934561024e+00
4.422273980505901300e-03 2.049124593087099822e+00
4.483855948021189461e-03 2.071969185909083411e+00
4.546295469532401351e-03 2.094954428596756735e+00
4.609604486828433254e-03 2.118077009835688251e+00
4.673795107992461881e-03 2.141333480755904795e+00
4.738879609717653631e-03 2.164720253833393393e+00
4.804870439655131026e-03 2.188233601306921461e+00
4.871780218794631752e-03 2.211869653659127355e+00
4.939621743878321730e-03 2.235624394637792278e+00
5.008407989848211520e-03 2.259493601217410497e+00
5.078152112327673912e-03 2.283472848509703557e+00
5.148867450137495534e-03 2.307557557746755528e+00
5.220567527846976807e-03 2.331742996719155414e+00
5.293266058360562507e-03 2.356024278673024330e+00
5.366976945540476510e-03 2.380396361302920649e+00
5.441714286865892425e-03 2.404854045260562678e+00
5.517492376129124951e-03 2.429391950342834949e+00
5.594325706169378867e-03 2.454004506108838690e+00
5.672228971644543115e-03 2.478685979181874721e+00
5.751217071841612828e-03 2.503430474835440567e+00
5.831305113526222446e-03 2.528231936636812005e+00
5.912508413831878834e-03 2.553084146218479678e+00
5.994842503189410504e-03 2.577980723266927399e+00
6.078323128297231405e-03 2.602915138575583320e+00
6.162966255132943175e-03 2.627880728924757658e+00
6.248788072006893415e-03 2.652870674561156328e+00
6.335804992658252040e-03 2.677877996397737270e+00
6.424033659394193761e-03 2.702895556641877750e+00
6.513490946272805157e-03 2.727916059578137098e+00
6.604193962330306977e-03 2.752932052514563743e+00
6.696160054853222271e-03 2.777935954131296015e+00
6.789406812696112230e-03 2.802920121316353264e+00
6.883952069645501645e-03 2.827876781358688252e+00
6.979813907830663584e-03 2.852798014903855872e+00
7.077010661181892121e-03 2.877675757717086835e+00
7.175560918936930120e-03 2.902501802617330817e+00
7.275483529196226894e-03 2.927267801586062479e+00
7.376797602527730875e-03 2.951965286938855293e+00
7.479522515621820147e-03 2.976585760837846983e+00
7.583677914997187866e-03 3.001120632596861348e+00
7.689283720758310556e-03 3.025561186201300323e+00
7.796360130405232194e-03 3.049898583234002203e+00
7.904927622696423031e-03 3.074123866012329565e+00
8.015006961565405291e-03 3.098227960905318046e+00
8.126619200091944606e-03 3.122201686615823757e+00
8.239785684528518409e-03 3.146035798832492958e+00
8.354528058382867939e-03 3.169720975175998934e+00
8.470868266557405810e-03 3.193247794922811522e+00
8.588828559546252822e-03 3.216606742939372765e+00
8.708431497690724554e-03 3.239788214054694304e+00
8.829699955494091715e-03 3.262782517613953104e+00
8.952657125996398360e-03 3.285579875348996648e+00
9.077326525210229619e-03 3.308170310021980587e+00
9.203731996618225164e-03 3.330543663669311982e+00
9.331897715733242227e-03 3.352689703106810359e+00
9.461848194722002545e-03 3.374598128953808285e+00
9.593608287093146128e-03 3.396258581446631286e+00
9.727203192450545322e-03 3.417660646440698446e+00
9.862658461312826322e-03 3.438793854199831745e+00
1.000000000000000541e-02 3.459647385951675425e+00
1.013925407558815585e-02 3.480209968385926000e+00
1.028044732093309939e-02 3.500470254095028100e+00
1.042360673976402106e-02 3.520416857270018518e+00
1.056875971184803933e-02 3.540038361518939691e+00
1.071593399822670829e-02 3.559323327901683598e+00
1.086515774652537999e-02 3.578260300809365635e+00
1.101645949633656314e-02 3.596837433830106345e+00
1.116986818467823050e-02 3.615042065077209710e+00
1.132541315152811590e-02 3.632861418485068494e+00
1.148312414543511094e-02 3.650282714651160276e+00
1.164303132920876602e-02 3.667293181587800266e+00
1.180516528568805075e-02 3.683880065738085019e+00
1.196955702359043389e-02 3.700030643201870362e+00
1.213623798344241021e-02 3.715731901283436223e+00
1.230524004359261764e-02 3.730969750455090939e+00
1.247659552630869632e-02 3.745729904165822077e+00
1.265033720395903651e-02 3.759998128525075867e+00
1.282649830528060676e-02 3.773760257059581846e+00
1.300511252173409092e-02 3.787002205783584596e+00
1.318621401394748892e-02 3.799709988568030106e+00
1.336983741824946878e-02 3.811869564205371930e+00
1.355601785329368751e-02 3.823466068496848891e+00
1.374479092677537845e-02 3.834484437369146903e+00
1.393619274224143154e-02 3.844909753758480875e+00
1.413025990599534217e-02 3.854727266904901306e+00
1.432702953409831573e-02 3.863922411596987683e+00
1.452653925946781333e-02 3.872480827685253590e+00
1.472882723907503397e-02 3.880388316071591071e+00
1.493393216124253367e-02 3.887630306406876457e+00
1.514189325304353233e-02 3.894192144096765507e+00
1.535275028780422150e-02 3.900059450640382952e+00
1.556654359271061362e-02 3.905218149704599018e+00
1.578331405652116937e-02 3.909654489611003925e+00
1.600310313738700571e-02 3.913355065944692512e+00
1.622595287078086937e-02 3.916306835061889036e+00
1.645190587753662254e-02 3.918496978762141758e+00
1.668100537200058880e-02 3.919912948114279594e+00
1.691329517029648011e-02 3.920542627426769400e+00
1.714881969870539827e-02 3.920374362408062474e+00
1.738762400216250711e-02 3.919396983327257722e+00
1.762975375287205784e-02 3.917599828011010477e+00
1.787525525904234969e-02 3.914972763085523777e+00
1.812417547374237103e-02 3.911506142430637212e+00
1.837656200388171693e-02 3.907190806674577299e+00
1.863246311931560442e-02 3.902018187982918995e+00
1.889192776207666846e-02 3.895980338134011234e+00
1.915500555573527997e-02 3.889069949822785865e+00
1.942174681489026306e-02 3.881280377439861873e+00
1.969220255479172885e-02 3.872605658423296848e+00
1.996642450109794437e-02 3.863040729455334610e+00
2.024446509976804767e-02 3.852581664790426075e+00
2.052637752709252777e-02 3.841225323074635156e+00
2.081221569986339490e-02 3.828969309020771483e+00
2.110203428568596315e-02 3.815811988287129530e+00
2.139588871343423362e-02 3.801752501440186727e+00
2.169383518385185894e-02 3.786790777004102271e+00
2.199593068030075704e-02 3.770928029959322636e+00
2.230223297965937268e-02 3.754167947241446424e+00
2.261280066337277919e-02 3.736515353036381715e+00
2.292769312865649070e-02 3.717975847401000067e+00
2.324697059985647574e-02 3.698555807848832089e+00
2.357069413996727009e-02 3.678262389793111709e+00
2.389892566231049259e-02 3.657103525827505752e+00
2.423172794237599126e-02 3.635088595247357723e+00
2.456916462982790955e-02 3.612231543924358856e+00
2.491130026067788980e-02 3.588548309498862832e+00
2.525820026962784584e-02 3.564055428364515166e+00
2.560993100258458777e-02 3.538770014561112287e+00
2.596655972934871354e-02 3.512709739551925558e+00
2.632815465648021339e-02 3.485892811309271089e+00
2.669478494034321567e-02 3.458338498299011743e+00
2.706652070033241722e-02 3.430071853655291214e+00
2.744343303228365116e-02 3.401121187902730991e+00
2.782559402207125665e-02 3.371514978451677802e+00
2.821307675939472778e-02 3.341281794535414740e+00
2.860595535175743456e-02 3.310450257999747681e+00
2.900430493863992779e-02 3.279049004976941184e+00
2.940820170587064158e-02 3.247107006179547728e+00
2.981772290019673102e-02 3.214659750473704669e+00
3.023294684405779253e-02 3.181748117131255160e+00
3.065395295056528788e-02 3.148412516698601227e+00
3.108082173869065878e-02 3.114692637184054202e+00
3.151363484866480380e-02 3.080627399071272254e+00
3.195247505759214041e-02 3.046254914119396418e+00
3.239742629528195861e-02 3.011612574438863099e+00
3.284857366030043829e-02 2.976742393326189617e+00
3.330600343624588039e-02 2.941692670347998639e+00
3.376980310825090231e-02 2.906510676443581076e+00
3.424006137971424141e-02 2.871242066911446233e+00
3.471686818926560114e-02 2.835930860616665328e+00
3.520031472796679439e-02 2.800619425689795605e+00
3.569049345675229939e-02 2.765348502831641131e+00
3.618749812411279493e-02 2.730162848483436822e+00
3.669142378402492910e-02 2.695117363128116228e+00
3.720236681413068014e-02 2.660265935935435255e+00
3.772042493416999376e-02 2.625659837746087355e+00
3.824569722466999999e-02 2.591347760594564065e+00
3.877828414589457040e-02 2.557375866633503136e+00
3.931828755705769896e-02 2.523787845438247412e+00
3.986581073580441892e-02 2.490622459339096206e+00
4.042095839796307905e-02 2.457907558494686562e+00
4.098383671757262897e-02 2.425667440405047781e+00
4.155455334718876487e-02 2.393924889113834720e+00
4.213321743847289053e-02 2.362701233843054194e+00
4.271993966306780743e-02 2.332016409400446300e+00
4.331483223376401265e-02 2.301889018081894278e+00
4.391800892596088579e-02 2.272340570533120552e+00
4.452958509942657461e-02 2.243415107349793214e+00
4.514967772036103388e-02 2.215162631916791636e+00
4.577840538376621443e-02 2.187630333887676581e+00
4.641588833612781545e-02 2.160862761809984711e+00
4.706224849841281199e-02 2.134902016201782882e+00
4.771760948938744834e-02 2.109787950360190401e+00
4.838209664925955528e-02 2.085542893764610550e+00
4.905583706365047175e-02 2.062123977921082929e+00
4.973895958790063715e-02 2.039473582644809380e+00
5.043159487171359340e-02 2.017536509381058440e+00
5.113387538414325417e-02 1.996259824087934120e+00
5.184593543892912493e-02 1.975592713858718596e+00
5.256791122018422691e-02 1.955487640386339931e+00
5.329994080844090154e-02 1.935912326331370004e+00
5.404216420705915819e-02 1.916843677182602290e+00
5.479472336900287344e-02 1.898259519634834191e+00
5.555776222398878250e-02 1.880138449883857366e+00
5.633142670601357094e-02 1.862459796648230581e+00
5.711586478126432637e-02 1.845195205292877505e+00
5.791122647641760990e-02 1.828273095799475056e+00
5.871766390733256652e-02 1.811609903346946826e+00
5.953533130814370189e-02 1.795124998662069871e+00
6.036438506075869626e-02 1.778740603562918743e+00
6.120498372476701476e-02 1.762381271358770540e+00
6.205728806776504569e-02 1.745965833064723860e+00
6.292146109610347038e-02 1.729408767572210737e+00
6.379766808606285311e-02 1.712627737416607010e+00
6.468607661546328658e-02 1.695543942237831114e+00
6.558685659571435178e-02 1.678081945945367304e+00
6.650018030431123495e-02 1.660164899052319232e+00
6.742622241778345460e-02 1.641715745412727578e+00
6.836516004510236055e-02 1.622661984471570173e+00
6.931717276155403840e-02 1.602936101800707114e+00
7.028244264308347589e-02 1.582478962181789406e+00
7.126115430111745752e-02 1.561253823530995843e+00
7.225349491787214085e-02 1.539234531159662245e+00
7.325965428215229502e-02 1.516399640866562537e+00
7.427982482564915445e-02 1.492733585377634897e+00
7.531420165974372916e-02 1.468247206158495688e+00
7.636298261282244149e-02 1.442975682145738459e+00
7.742636826811270800e-02 1.416957274241007037e+00
7.850456200204508628e-02 1.390232772826902385e+00
7.959777002314985528e-02 1.362865846722741026e+00
8.070620141149505156e-02 1.334948797010941490e+00
8.183006815867394090e-02 1.306573377619391962e+00
8.296958520834910034e-02 1.277828969512324830e+00
8.412497049736120114e-02 1.248821109198920087e+00
8.529644499741026453e-02 1.219670831073573103e+00
8.648423275731725868e-02 1.190492490085043542e+00
8.768856094587433592e-02 1.161395854153992380e+00
8.890965989529162061e-02 1.132510487599031057e+00
9.014776314524922118e-02 1.103968744535995361e+00
9.140310748756234893e-02 1.075890883365609563e+00
9.267593301146884177e-02 1.048401027294380006e+00
9.396648314954698933e-02 1.021642094191759442e+00
9.527500472427297140e-02 9.957453639241021781e-01
9.660174799522651401e-02 9.708273981453012791e-01
9.794696670695399177e-02 9.469914919514750284e-01
9.931091813749794162e-02 9.243293791628239831e-01
1.006938631476027302e-01 9.029223623751614358e-01
1.020960662306046596e-01 8.828427543088184226e-01
1.035177955630176144e-01 8.641321975400813038e-01
1.049593230558227425e-01 8.467681319525556249e-01
1.064209244064724114e-01 8.307203754524241646e-01
1.079028791516183916e-01 8.159603524225804705e-01
1.094054707205742716e-01 8.024124462909291156e-01
1.109289864895222771e-01 7.899453755264198573e-01
1.124737178364751816e-01 7.784334743495835429e-01
1.140399601970032845e-01 7.677518584396401113e-01
1.156280131207376161e-01 7.577382301656789831e-01
1.172381803286599161e-01 7.482228057378886854e-01
1.188707697711903627e-01 7.390439283115786129e-01
1.205260936870842792e-01 7.300354295452136100e-01
1.222044686631488519e-01 7.210265136285304299e-01
1.239062156947916549e-01 7.118541917759286797e-01
1.256316602474120969e-01 7.023650624412546284e-01
1.273811323186479216e-01 6.924166532107669525e-01
1.291549665014884440e-01 6.818765055022752986e-01
1.309535020482667789e-01 6.706371071335025524e-01
1.327770829355430504e-01 6.586356715114247695e-01
1.346260579298910742e-01 6.458241928626119455e-01
1.365007806546014724e-01 6.321924814022736872e-01
1.384016096573132404e-01 6.177978727374108248e-01
1.403289084785873386e-01 6.027090395347525220e-01
1.422830457214353805e-01 5.870327656646979753e-01
1.442643951218157694e-01 5.709241319287498007e-01
1.462733356201129653e-01 5.545355603895717467e-01
1.483102514336104294e-01 5.380492594452144228e-01
1.503755321299737879e-01 5.216595597800718354e-01
1.524695727017573721e-01 5.055496708265974082e-01
1.545927736419477616e-01 4.899178597964000126e-01
1.567455410205595145e-01 4.749470436741676238e-01
1.589282865622977936e-01 4.607946862273397670e-01
1.611414277253019611e-01 4.475956115275857572e-01
1.633853877809861577e-01 4.354531630311172519e-01
1.656605958949914359e-01 4.243982566705931658e-01
1.679674872092653815e-01 4.144384813430511127e-01
1.703065029252844587e-01 4.055146760175147302e-01
1.726780903884355955e-01 3.975231733166552650e-01
1.750827031735724959e-01 3.903389413403787755e-01
1.775208011717635537e-01 3.837965523235747356e-01
1.799928506782477455e-01 3.777284193146799307e-01
1.824993244816153215e-01 3.719472584576427598e-01
1.850407019542302522e-01 3.662683852183263311e-01
1.876174691439121689e-01 3.605045744368747251e-01
1.902301188668945597e-01 3.544786305398190396e-01
1.928791508020779033e-01 3.480459769556665806e-01
1.955650715865950295e-01 3.410904776818229900e-01
1.982883949127072221e-01 3.335663299260088754e-01
2.010496416260499630e-01 3.254738923312523458e-01
2.038493398252464173e-01 3.168849737096158248e-01
2.066880249629084176e-01 3.079089947128232363e-01
2.095662399480432703e-01 2.986962345133918895e-01
2.124845352498882234e-01 2.894094224647362212e-01
2.154434690031883370e-01 2.802248225454110342e-01
2.184436071149427061e-01 2.713108052390499902e-01
2.214855233726359673e-01 2.628258205755217847e-01
2.245697995539774339e-01 2.548969819660962255e-01
2.276970255381679797e-01 2.476126634662986770e-01
2.308677994187169347e-01 2.410058245507613328e-01
2.340827276178293337e-01 2.350625761576351502e-01
2.373424250023866977e-01 2.297170862525078072e-01
2.406475150015424946e-01 2.248741983447666015e-01
2.439986297259550407e-01 2.204087387510703933e-01
2.473964100886814066e-01 2.161761952309709800e-01
2.508415059277540604e-01 2.120204749834627700e-01
2.543345761304650066e-01 2.077860044440535126e-01
2.578762887593802344e-01 2.033468640303704444e-01
2.614673211801092911e-01 1.986236580630278969e-01
2.651083601908539311e-01 1.936066869950762714e-01
2.688001021537607671e-01 1.883390024348412795e-01
2.725432531281029580e-01 1.829035589658934702e-01
2.763385290053171905e-01 1.773998824862694224e-01
2.801866556459196578e-01 1.719339116896170805e-01
2.840883690183304555e-01 1.666140063388891757e-01
2.880444153396298224e-01 1.615476738517220567e-01
2.920555512182748115e-01 1.568221044509655326e-01
2.961225437988037057e-01 1.524838686146010869e-01
3.002461709085548769e-01 1.485259715648548362e-01
3.044272212064301764e-01 1.448909008150135735e-01
3.086664943337272815e-01 1.414954579151648240e-01
3.129648010670751379e-01 1.382494762746501737e-01
3.173229634734976989e-01 1.350659927845355712e-01
3.217418150676371047e-01 1.318650628380280410e-01
3.262222009711669424e-01 1.285822926757554385e-01
3.307649780744241208e-01 1.251858649809497737e-01
3.353710152002929989e-01 1.216884993799416670e-01
3.400411932703706896e-01 1.181425994519075678e-01
3.447764054734464567e-01 1.146195880981481646e-01
3.495775574363275129e-01 1.111874320326334264e-01
3.544455673970435261e-01 1.078996904195907991e-01
3.593813663804628078e-01 1.047939909592510571e-01
3.643858983763546000e-01 1.018880631881439319e-01
3.694601205199303795e-01 9.917138578341083699e-02
3.746050032748993730e-01 9.660474307849002684e-02
3.798215306190736440e-01 9.413391617989913529e-02
3.851107002325572237e-01 9.170850743912033198e-02
3.904735236885563121e-01 8.929138375262878069e-02
3.959110266468461314e-01 8.685958862520762325e-02
4.014242490499323468e-01 8.440882253582286665e-02
4.070142453219439682e-01 8.195969788652680832e-02
4.126820845702955931e-01 7.955004290594407113e-02
4.184288507901584575e-01 7.721423785767300707e-02
4.242556430717780436e-01 7.497243789768390232e-02
4.301635758106797103e-01 7.283526457906606966e-02
4.361537789208007054e-01 7.080384752379244306e-02
4.422273980505903035e-01 6.886127497463419289e-02
4.483855948021190918e-01 6.697746408472383950e-02
4.546295469532403710e-01 6.512834846364261299e-02
4.609604486828437486e-01 6.330270810709232032e-02
4.673795107992466114e-01 6.149504823942022330e-02
4.738879609717657759e-01 5.970751410787254049e-02
4.804870439655135050e-01 5.795587712821957671e-02
4.871780218794636297e-01 5.625903813310771662e-02
4.939621743878325200e-01 5.462424818001553745e-02
5.008407989848215891e-01 5.305021090972845965e-02
5.078152112327679601e-01 5.153428313749298939e-02
5.148867450137499802e-01 5.006755648407905379e-02
5.220567527846982081e-01 4.863526911169462758e-02
5.293266058360557302e-01 4.722992161997446176e-02
5.366976945540471444e-01 4.585295120230603594e-02
5.441714286865887429e-01 4.450559971311903590e-02
5.517492376129122800e-01 4.319221389780737025e-02
5.594325706169376300e-01 4.192087291022733586e-02
5.672228971644540652e-01 4.069188665699244312e-02
5.751217071841610018e-01 3.950090889042150860e-02
5.831305113526219497e-01 3.834621898544477575e-02
5.912508413831875087e-01 3.722218309294293009e-02
5.994842503189408145e-01 3.612390274158271131e-02
6.078323128297228317e-01 3.505346213358936230e-02
6.162966255132940052e-01 3.401113966780392600e-02
6.248788072006891126e-01 3.299777143626740628e-02
6.335804992658249368e-01 3.201618419895923412e-02
6.424033659394191575e-01 3.106396260755777197e-02
6.513490946272801896e-01 3.013929346078143487e-02
6.604193962330303647e-01 2.924065187818112449e-02
6.696160054853218524e-01 2.836696799229389276e-02
6.789406812696108240e-01 2.751762820172093046e-02
6.883952069645499217e-01 2.669205267911872043e-02
6.979813907830660913e-01 2.588967069863839371e-02
7.077010661181889484e-01 2.510992071976002674e-02
7.175560918936926269e-01 2.435225045708416802e-02
7.275483529196229426e-01 2.361611693669212614e-02
7.376797602527733755e-01 2.290098653967792552e-02
7.479522515621823686e-01 2.220633503343722587e-02
7.583677914997192238e-01 2.153164759129521169e-02
7.689283720758313123e-01 2.087641880103604380e-02
7.796360130405235456e-01 2.024015266288610448e-02
7.904927622696426015e-01 1.962236257749369259e-02
8.015006961565409593e-01 1.902257132442798995e-02
8.126619200091949047e-01 1.844031101976912820e-02
8.239785684528521115e-01 1.787511617163805439e-02
8.354528058382871825e-01 1.732651336824772570e-02
8.470868266557408655e-01 1.679403850290174527e-02
8.588828559546255459e-01 1.627723975538012541e-02
8.708431497690728440e-01 1.577567728688383797e-02
8.829699955494094699e-01 1.528892294199118637e-02
8.952657125996402732e-01 1.481655995748015937e-02
9.077326525210231978e-01 1.435818267787216003e-02
9.203731996618229605e-01 1.391339627755788615e-02
9.331897715733245002e-01 1.348181648936482187e-02
9.461848194722006777e-01 1.306306933943294363e-02
9.593608287093150500e-01 1.265679088826302499e-02
9.727203192450548652e-01 1.226262697780864351e-02
9.862658461312830971e-01 1.188023298448239763e-02
1.000000000000000888e+00 1.150927357795073977e-02
1.013925407558815994e+00 1.114942250317787521e-02
1.028044732093310376e+00 1.080036367480888271e-02
1.042360673976402641e+00 1.046179166158631157e-02
1.056875971184805474e+00 1.013340918965963469e-02
1.071593399822672321e+00 9.814926724986971357e-03
1.086515774652539346e+00 9.506062297548918683e-03
1.101645949633657917e+00 9.206541328607239019e-03
1.116986818467822440e+00 8.916096460991142919e-03
1.132541315152811201e+00 8.634467392392651194e-03
1.148312414543510629e+00 8.361400711651308798e-03
1.164303132920875949e+00 8.096649738007019245e-03
1.180516528568804624e+00 7.839974363298406537e-03
1.196955702359042917e+00 7.591140897083221636e-03
1.213623798344240390e+00 7.349921914655984344e-03
1.230524004359261347e+00 7.116096107936761665e-03
1.247659552630869140e+00 6.889448139204802472e-03
1.265033720395903005e+00 6.669768484769651902e-03
1.282649830528060253e+00 6.456852961426218923e-03
1.300511252173408572e+00 6.250502607678581728e-03
1.318621401394748371e+00 6.050523946535150098e-03
1.336983741824946392e+00 5.856728867133410496e-03
1.355601785329368258e+00 5.668934488136976625e-03
1.374479092677537206e+00 5.486963024174969401e-03
1.393619274224142446e+00 5.310641655271217988e-03
1.413025990599533710e+00 5.139802399211350348e-03
1.432702953409830782e+00 4.974281986795933697e-03
1.452653925946780999e+00 4.813921739928340472e-03
1.472882723907502633e+00 4.658567452486456033e-03
1.493393216124252465e+00 4.508069273927730290e-03
1.514189325304352352e+00 4.362281595577591556e-03
1.535275028780422879e+00 4.221062939551383127e-03
1.556654359271061994e+00 4.084275850261113311e-03
1.578331405652117603e+00 3.951786786653251754e-03
1.600310313738701140e+00 3.823465996978563358e-03
1.622595287078087978e+00 3.699187427998309585e-03
1.645190587753663003e+00 3.578828644534725548e-03
1.668100537200059241e+00 3.462270733169319891e-03
1.691329517029648732e+00 3.349398207859055881e-03
1.714881969870540424e+00 3.240098917831992983e-03
1.738762400216251613e+00 3.134263957716292969e-03
1.762975375287206381e+00 3.031787579856910515e-03
1.787525525904235968e+00 2.932567108775111387e-03
1.812417547374238103e+00 2.836502857726589701e-03
1.837656200388172234e+00 2.743498047314340410e-03
1.863246311931561427e+00 2.653458726113388198e-03
1.889192776207667901e+00 2.566293693264970911e-03
1.915500555573529162e+00 2.481914422998251005e-03
1.942174681489027055e+00 2.400234991038563068e-03
1.969220255479173787e+00 2.321171998002061979e-03
1.996642450109795464e+00 2.244644468756910958e-03
2.024446509976805419e+00 2.170573808913757018e-03
2.052637752709253860e+00 2.098883756273292427e-03
2.081221569986340114e+00 2.029500315592033463e-03
2.110203428568597328e+00 1.962351694937827535e-03
2.139588871343424348e+00 1.897368243695916499e-03
2.169383518385186616e+00 1.834482392187547755e-03
2.199593068030076815e+00 1.773628592863862787e-03
2.230223297965940432e+00 1.714743263038664978e-03
2.261280066337280736e+00 1.657764729123984652e-03
2.292769312865651887e+00 1.602633172333479093e-03
2.324697059985650682e+00 1.549290575819001464e-03
2.357069413996726315e+00 1.497680673206610831e-03
2.389892566231048399e+00 1.447748898498750015e-03
2.423172794237598016e+00 1.399442337310096394e-03
2.456916462982789984e+00 1.352709676130205976e-03
2.491130026067787551e+00 1.307501145145422133e-03
2.525820026962783516e+00 1.263768485796138959e-03
2.560993100258457833e+00 1.221464911512604558e-03
2.596655972934870160e+00 1.180545064926874499e-03
2.632815465648020048e+00 1.140964976250460200e-03
2.669478494034320804e+00 1.102682022789236872e-03
2.706652070033240598e+00 1.065654889567141600e-03
2.744343303228363951e+00 1.029843531031004447e-03
2.782559402207124055e+00 9.952091338092600506e-04
2.821307675939471515e+00 9.617140804980607062e-04
2.860595535175742388e+00 9.293219144487322196e-04
2.900430493863991099e+00 8.979973055312180435e-04
2.940820170587062687e+00 8.677060168486460572e-04
2.981772290019672145e+00 8.384148723787279581e-04
3.023294684405777311e+00 8.100917255142123805e-04
3.065395295056527747e+00 7.827054248491249235e-04
3.108082173869064047e+00 7.562257785437895676e-04
3.151363484866478881e+00 7.306235350912187445e-04
3.195247505759212459e+00 7.058703570519899058e-04
3.239742629528197693e+00 6.819387936156548436e-04
3.284857366030045078e+00 6.588022539441543320e-04
3.330600343624589232e+00 6.364349812764514376e-04
3.376980310825091980e+00 6.148120277741460013e-04
3.424006137971425279e+00 5.939092300882124753e-04
3.471686818926561724e+00 5.737031856276133841e-04
3.520031472796681271e+00 5.541712295109017155e-04
3.569049345675231244e+00 5.352914121824364248e-04
3.618749812411281130e+00 5.170424776752812748e-04
3.669142378402494131e+00 4.994038425032858207e-04
3.720236681413069402e+00 4.823555751652745783e-04
3.772042493417000486e+00 4.658783762179923341e-04
3.824569722467001665e+00 4.499535565535291810e-04
3.877828414589459260e+00 4.345630171658817868e-04
3.931828755705771616e+00 4.196892353037252887e-04
3.986581073580443668e+00 4.053152472072874143e-04
4.042095839796310486e+00 3.914246308747414160e-04
4.098383671757265034e+00 3.780014893375726747e-04
4.155455334718877403e+00 3.650304344307026948e-04
4.213321743847290968e+00 3.524965710435345014e-04
4.271993966306782298e+00 3.403854818384068081e-04
4.331483223376404013e+00 3.286832124233387631e-04
4.391800892596090300e+00 3.173762569662605718e-04
4.452958509942659404e+00 3.064515442382734363e-04
4.514967772036104776e+00 2.958964240738005177e-04
4.577840538376623414e+00 2.856986542358193023e-04
4.641588833612783738e+00 2.758463876746732892e-04
4.706224849841286861e+00 2.663281601400644869e-04
4.771760948938751135e+00 2.571328773513434081e-04
4.838209664925961384e+00 2.482498033784102660e-04
4.905583706365053587e+00 2.396685504266165678e-04
4.973895958790062188e+00 2.313790679415207989e-04
5.043159487171356758e+00 2.233716319834441603e-04
5.113387538414323252e+00 2.156368349246175144e-04
5.184593543892908940e+00 2.081655754595719587e-04
5.256791122018420026e+00 2.009490489196800642e-04
5.329994080844087989e+00 1.939787378830148945e-04
5.404216420705914459e+00 1.872464030709234967e-04
5.479472336900285789e+00 1.807440745229483756e-04
5.555776222398875142e+00 1.744640430419700417e-04
5.633142670601354318e+00 1.683988519016512960e-04
5.711586478126429611e+00 1.625412888085031420e-04
5.791122647641757659e+00 1.568843781110818437e-04
5.871766390733254681e+00 1.514213731408459661e-04
5.953533130814368413e+00 1.461457474737978682e-04
6.036438506075867849e+00 1.410511884583414636e-04
6.120498372476698812e+00 1.361315915909388900e-04
6.205728806776502182e+00 1.313810538554837607e-04
6.292146109610344595e+00 1.267938672393551620e-04
6.379766808606281536e+00 1.223645124518470118e-04
6.468607661546325716e+00 1.180876528388795230e-04
6.558685659571431792e+00 1.139581284880910662e-04
6.650018030431120053e+00 1.099709505185656367e-04
6.742622241778343017e+00 1.061212955496247001e-04
6.836516004510238886e+00 1.024045003432707933e-04
6.931717276155406005e+00 9.881605661502448749e-05
7.028244264308350253e+00 9.535160600804978783e-05
7.126115430111750193e+00 9.200693522561006208e-05
7.225349491787217637e+00 8.877797131704458472e-05
7.325965428215232222e+00 8.566077707682240728e-05
7.427982482564919664e+00 8.265154637992783854e-05
7.531420165974375358e+00 7.974660008985606698e-05
7.636298261282247424e+00 7.694238206262917011e-05
7.742636826811274631e+00 7.423545512871159748e-05
7.850456200204513735e+00 7.162249720168310438e-05
7.959777002314988081e+00 6.910029751078622894e-05
8.070620141149507987e+00 6.666575295353625776e-05
8.183006815867397421e+00 6.431586456468650842e-05
8.296958520834913031e+00 6.204773409795706174e-05
8.412497049736124666e+00 5.985856071703993286e-05
8.529644499741030117e+00 5.774563779249641864e-05
8.648423275731730087e+00 5.570634980126522241e-05
8.768856094587437866e+00 5.373816932559522479e-05
8.890965989529167501e+00 5.183865414831398817e-05
9.014776314524924672e+00 5.000544444143423695e-05
9.140310748756238723e+00 4.823625997281090803e-05
9.267593301146888507e+00 4.652889721018477431e-05
9.396648314954703096e+00 4.488122706319683719e-05
9.527500472427300693e+00 4.329119252929553501e-05
9.660174799522655675e+00 4.175680630112655820e-05
9.794696670695403284e+00 4.027614845146198466e-05
9.931091813749807429e+00 3.884736419325423792e-05
1.006938631476028689e+01 3.746866171244428667e-05
1.020960662306047873e+01 3.613831007122686494e-05
1.035177955630177493e+01 3.485463717954091637e-05
1.049593230558227042e+01 3.361602783262858130e-05
1.064209244064723592e+01 3.242092181256596775e-05
1.079028791516183539e+01 3.126781205173750954e-05
1.094054707205742183e+01 3.015524285628559681e-05
1.109289864895222344e+01 2.908180818762789633e-05
1.124737178364751422e+01 2.804615000016916855e-05
1.140399601970032251e+01 2.704695659151792693e-05
1.156280131207375561e+01 2.608296097242452811e-05
1.172381803286598512e+01 2.515293948013510116e-05
1.188707697711903144e+01 2.425571034720302286e-05
1.205260936870842237e+01 2.339013229236354456e-05
1.222044686631488020e+01 2.255510315783015811e-05
1.239062156947916193e+01 2.174955859152166845e-05
1.256316602474120359e+01 2.097247077277334258e-05
1.273811323186478539e+01 2.022284718013092186e-05
1.291549665014883885e+01 1.949972939987154382e-05
1.309535020482667278e+01 1.880219197393688340e-05
1.327770829355429782e+01 1.812934128600499607e-05
1.346260579298910187e+01 1.748031448446855891e-05
1.365007806546014102e+01 1.685427844112436961e-05
1.384016096573131627e+01 1.625042874441759864e-05
1.403289084785872909e+01 1.566798872567779177e-05
1.422830457214352862e+01 1.510620846988398181e-05
1.442643951218158271e+01 1.456436387190239139e-05
1.462733356201130519e+01 1.404175584945737260e-05
1.483102514336104782e+01 1.353770950246749183e-05
1.503755321299738412e+01 1.305157328956105736e-05
1.524695727017574320e+01 1.258271823213292647e-05
1.545927736419478116e+01 1.213053714503990595e-05
1.567455410205595889e+01 1.169444389306212572e-05
1.589282865622978846e+01 1.127387267228452995e-05
1.611414277253020444e+01 1.086827731558070775e-05
1.633853877809861999e+01 1.047713062140677745e-05
1.656605958949915092e+01 1.009992370513892566e-05
1.679674872092654425e+01 9.736165372212722389e-06
1.703065029252845264e+01 9.385381512345601111e-06
1.726780903884356633e+01 9.047114514148380779e-06
1.750827031735725470e+01 8.720922698890381315e-06
1.775208011717636225e+01 8.406379755679280649e-06
1.799928506782478266e+01 8.103074212403473580e-06
1.824993244816154103e+01 7.810608949490758585e-06
1.850407019542303289e+01 7.528600707807307453e-06
1.876174691439122455e+01 7.256679611708162913e-06
1.902301188668946352e+01 6.994488708235978957e-06
1.928791508020779943e+01 6.741683521931623602e-06
1.955650715865951028e+01 6.497931624737047010e-06
1.982883949127073109e+01 6.262912220488472534e-06
2.010496416260500396e+01 6.036315743513771387e-06
2.038493398252465383e+01 5.817843470863854965e-06
2.066880249629084787e+01 5.607207147723580497e-06
2.095662399480435667e+01 5.404128625562018676e-06
2.124845352498885021e+01 5.208339512596682976e-06
2.154434690031886390e+01 5.019580836160064366e-06
2.184436071149429992e+01 4.837602715010369234e-06
2.214855233726358819e+01 4.662164021955979013e-06
2.245697995539773117e+01 4.493032088457703091e-06
2.276970255381678854e+01 4.329982431397500230e-06
2.308677994187167926e+01 4.172798469274466145e-06
2.340827276178292493e+01 4.021271247544866999e-06
2.373424250023866122e+01 3.875199173375071314e-06
2.406475150015423381e+01 3.734387759490202895e-06
2.439986297259549275e+01 3.598649376811326392e-06
2.473964100886812645e+01 3.467803015584389730e-06
2.508415059277539427e+01 3.341674054714143880e-06
2.543345761304648533e+01 3.220094039025374107e-06
2.578762887593800812e+01 3.102900464183439345e-06
2.614673211801091668e+01 2.989936569014658268e-06
2.651083601908537801e+01 2.881051134976017660e-06
2.688001021537606405e+01 2.776098292531755990e-06
2.725432531281028758e+01 2.674937332932455697e-06
2.763385290053170351e+01 2.577432518352299737e-06
2.801866556459195223e+01 2.483452914554360726e-06
2.840883690183303756e+01 2.392872228649677706e-06
2.880444153396296869e+01 2.305568646480283751e-06
2.920555512182746583e+01 2.221424675579119245e-06
2.961225437988035480e+01 2.140326993567184749e-06
3.002461709085550012e+01 2.062166301802390894e-06
3.044272212064302963e+01 1.986837184100612662e-06
3.086664943337274281e+01 1.914237970355682385e-06
3.129648010670753067e+01 1.844270604890774103e-06
3.173229634734977722e+01 1.776840519379304951e-06
3.217418150676372335e+01 1.711856510178931763e-06
3.262222009711670978e+01 1.649230619927474423e-06
3.307649780744242918e+01 1.588878023254741082e-06
3.353710152002931721e+01 1.530716916469091685e-06
3.400411932703708118e+01 1.474668409308360764e-06
3.447764054734466299e+01 1.420656415203161047e-06
3.495775574363276661e+01 1.368607559540520851e-06
3.544455673970436749e+01 1.318451087050041942e-06
3.593813663804629499e+01 1.270118769241046229e-06
3.643858983763547599e+01 1.223544815072900373e-06
3.694601205199305127e+01 1.178665784748684387e-06
3.746050032748995307e+01 1.135420506524340309e-06
3.798215306190738261e+01 1.093749996429072899e-06
3.851107002325574058e+01 1.053597380796348173e-06
3.904735236885564831e+01 1.014907821508278965e-06
3.959110266468461958e+01 9.776284438594709014e-07
4.014242490499325555e+01 9.417082669496599254e-07
4.070142453219441592e+01 9.070981365175275796e-07
4.126820845702957996e+01 8.737506601310854003e-07
4.184288507901585774e+01 8.416201446522058746e-07
4.242556430717782234e+01 8.106625335517795605e-07
4.301635758106799301e+01 7.808353440869432675e-07
4.361537789208009031e+01 7.520976180516555695e-07
4.422273980505904234e+01 7.244098690749981112e-07
4.483855948021193427e+01 6.977340301926398520e-07
4.546295469532405775e+01 6.720334032684954940e-07
4.609604486828438752e+01 6.472726102019374092e-07
4.673795107992459918e+01 6.234175458581576082e-07
4.738879609717650965e+01 6.004353326614122971e-07
4.804870439655128678e+01 5.782942767930006348e-07
4.871780218794629747e+01 5.569638259377978057e-07
4.939621743878318938e+01 5.364145285251600413e-07
5.008407989848209496e+01 5.166179944118471180e-07
5.078152112327672540e+01 4.975468569564500516e-07
5.148867450137493051e+01 4.791747364365600891e-07
5.220567527846974798e+01 4.614762047532266106e-07
5.293266058360559612e+01 4.444267502657947363e-07
5.366976945540474730e+01 4.280027440498282175e-07
5.441714286865889960e+01 4.121814105024613821e-07
5.517492376129124665e+01 3.969407970503728761e-07
5.594325706169378520e+01 3.822597446452921001e-07
5.672228971644543805e+01 3.681178593084086725e-07
5.751217071841612949e+01 3.544954846867333196e-07
5.831305113526222073e+01 3.413736755857229479e-07
5.912508413831878329e+01 3.287341724437448373e-07
5.994842503189411076e+01 3.165593767151533419e-07
6.078323128297231648e+01 3.048323271299207535e-07
6.162966255132942450e+01 2.935366767988707391e-07
6.248788072006893657e+01 2.826566711346592983e-07
6.335804992658251678e+01 2.721771265596886630e-07
6.424033659394193307e+01 2.620834099731425010e-07
6.513490946272804649e+01 2.523614188157981573e-07
6.604193962330306533e+01 2.429975570432286682e-07
6.696160054853221766e+01 2.339787161614879786e-07
6.789406812696111615e+01 2.252922643271550490e-07
6.883952069645501126e+01 2.169260295479091306e-07
6.979813907830664732e+01 2.088682830246721462e-07
7.077010661181891749e+01 2.011077230946742797e-07
7.175560918936929511e+01 1.936334597538292219e-07
7.275483529196232269e+01 1.864349997375938134e-07
7.376797602527736331e+01 1.795022321402268696e-07
7.479522515621826528e+01 1.728254145530822401e-07
7.583677914997194591e+01 1.663951597032698268e-07
7.689283720758317031e+01 1.602024225746835747e-07
7.796360130405238920e+01 1.542384879940463952e-07
7.904927622696429523e+01 1.484949586652359206e-07
8.015006961565413235e+01 1.429637436357673690e-07
8.126619200091951711e+01 1.376370475053695971e-07
8.239785684528524712e+01 1.325073648230649657e-07
8.354528058382875599e+01 1.275674679573627937e-07
8.470868266557413051e+01 1.228103921901371568e-07
8.588828559546259100e+01 1.182294260985497981e-07
8.708431497690732215e+01 1.138181024346547649e-07
8.829699955494099584e+01 1.095701893297873730e-07
8.952657125996405796e+01 1.054796818123144132e-07
9.077326525210236241e+01 1.015407936277155628e-07
9.203731996618232358e+01 9.774794935035034649e-08
9.331897715733249754e+01 9.409577677663712994e-08
9.461848194722010419e+01 9.057909958972272952e-08
9.593608287093154274e+01 8.719293028607174881e-08
9.727203192450554070e+01 8.393246335473253989e-08
9.862658461312817337e+01 8.079306870036351078e-08
9.999999999999995737e+01 7.777028530140938427e-08
